car: [[-0.9911214919377451, 0.5173762540154777], [0.008726203218641896, 0.4999238475781944], [0.5086500507968352, 0.4911976443595524], [1.0042107967657095, 0.23250951735181394], [0.995484593547068, -0.26741433022638056], [0.4911976443595523, -0.5086500507968353], [-0.008726203218641896, -0.4999238475781944], [-1.0085738983750299, -0.4824714411409108], [-0.9911214919377451, 0.5173762540154777]]
mid: [0, 0]
sensor: [[0.008726203218641896, 0.4999238475781944], [0.5086500507968352, 0.4911976443595524], [0.9998476951563889, -0.01745240643728337], [0.4911976443595523, -0.5086500507968353], [-0.008726203218641896, -0.4999238475781944]]
sensor_corners: ['pi/2', 'pi/4', 0, '-pi/4', '-pi/2']
sensor_len: 1
sensor_geo: pi/6
basic: [[0.766044443118978, 0.6427876096865393], [-0.6427876096865393, 0.766044443118978]]
deg: 359.0
