car: [[-0.999999999999996, 0.4999999999999984], [-6.630505443853339e-17, 0.4999999999999987], [0.4999999999999983, 0.4999999999999986], [0.9999999999999977, 0.24999999999999953], [0.9999999999999977, -0.24999999999999942], [0.4999999999999986, -0.49999999999999817], [6.630505443853339e-17, -0.4999999999999987], [-0.999999999999997, -0.49999999999999856], [-0.999999999999996, 0.4999999999999984]]
mid: [0, 0]
sensor: [[-6.630505443853339e-17, 0.4999999999999987], [0.4999999999999983, 0.4999999999999986], [0.9999999999999976, 2.3999558618132706e-16], [0.4999999999999986, -0.49999999999999817], [6.630505443853339e-17, -0.4999999999999987]]
sensor_corners: ['pi/2', 'pi/4', 0, '-pi/4', '-pi/2']
sensor_len: 1
sensor_geo: pi/6
basic: [[0.766044443118978, 0.6427876096865393], [-0.6427876096865393, 0.766044443118978]]
deg: 0.0
